4294967294,0
122,6
122,5
142,6
180,2
4294967278,284
4294967279,430
4294967278,341
4294967279,429
4294967278,302
4294967278,382
4294967278,562
4294967278,343
4294967279,316
4294967278,521
186,7
186,2
4294967279,88
184,4
4294967278,294
4294967279,428
4294967278,381
4294967278,526
4294967278,283
186,6
186,5
186,4
33,159
180,4
180,5
4294967279,427
3,14
3,0
3,13
4294967279,426
3,8
4294967279,232
33,158
33,157
33,156
4294967278,222
156,162
156,161
4294967279,425
4294967279,211
156,160
4294967279,210
33,155
33,154
33,153
33,152
33,151
156,159
156,158
156,157
156,156
33,150
156,155
33,149
33,148
156,154
156,153
4294967278,342
4294967279,424
156,152
33,147
4294967279,423
181,7
3,12
3,11
4294967278,31
33,146
33,145
3,5
156,151
156,150
4294967279,422
4294967279,168
156,149
33,144
33,143
33,142
156,148
156,147
33,141
33,140
156,146
156,145
33,139
156,144
33,138
4294967279,317
156,143
4294967279,140
4294967278,138
33,137
4294967278,133
4294967279,291
4294967278,572
4294967278,271
4294967279,271
33,136
33,135
156,142
156,141
4294967278,263
4294967279,265
33,134
156,140
4294967278,304
4294967279,305
156,139
33,133
4294967278,298
4294967279,303
4294967279,250
33,127
33,126
156,138
156,137
33,125
156,136
181,6
4294967279,230
33,132
4294967278,225
4294967279,220
156,135
4294967279,280
4294967279,214
4294967279,213
4294967278,211
4294967279,212
4294967278,339
33,124
33,123
4294967279,209
156,134
156,133
33,131
156,132
156,131
4294967278,285
156,130
4294967279,202
33,130
3,10
3,1
3,9
33,122
33,121
4294967279,195
156,129
156,127
4294967278,193
33,120
4294967279,189
156,126
4294967279,188
181,5
4294967279,187
156,40
156,39
156,125
33,119
4294967279,180
156,5
156,124
4294967278,178
33,129
33,0
156,123
156,122
156,0
33,128
4294967279,167
4294967278,165
156,128
33,118
33,117
156,121
156,120
4294967278,380
4294967279,156
33,116
33,115
33,114
181,2
156,119
156,118
156,117
156,116
181,4
33,113
4294967279,148
33,112
156,115
33,111
33,110
156,114
156,113
4294967279,138
156,112
33,109
156,111
33,108
156,110
156,109
33,107
33,106
156,108
156,107
4294967278,519
33,105
156,106
156,105
4294967278,322
4294967279,421
4294967279,323
4294967278,379
4294967279,420
4294967278,548
4294967278,281
4294967278,520
4294967279,419
4294967278,378
4294967278,239
4294967278,534
4294967279,393
4294967278,312
4294967279,418
4294967278,571
4294967278,570
4294967279,281
4294967294,7
4294967278,546
4294967278,538
4294967278,0
4294967279,299
4294967279,324
4294967278,321
33,104
156,104
4294967279,165
4294967278,291
0,5
33,103
33,102
33,101
33,100
33,99
156,103
156,102
156,101
156,100
156,99
4294967278,528
33,98
33,97
156,98
156,97
33,96
33,95
156,96
156,95
4294967278,289
33,94
33,93
156,94
4294967279,417
156,93
33,92
156,92
33,91
33,90
156,91
156,90
4294967278,377
33,89
156,89
156,88
33,88
4294967278,376
4294967279,416
4294967279,306
4294967279,379
4294967278,299
4294967278,340
4294967279,249
156,87
4294967279,248
4294967278,375
4294967294,6
33,87
33,86
33,85
33,84
4294967279,234
4294967278,232
156,86
156,85
156,84
4294967278,213
156,83
4294967278,212
4294967279,33
4294967279,32
4294967279,30
4294967279,29
4294967279,28
4294967279,27
4294967279,26
4294967279,25
4294967279,24
4294967279,23
33,83
156,82
4294967279,204
4294967278,202
33,82
156,81
4294967279,183
4294967279,182
4294967279,181
33,81
33,80
156,80
4294967279,295
33,79
33,78
4294967279,162
156,79
156,78
156,77
33,77
156,76
33,76
33,75
33,74
33,73
33,72
33,71
33,70
33,69
33,68
33,67
33,66
33,65
33,64
33,39
33,38
33,37
33,36
33,35
33,34
33,33
33,32
33,31
33,30
33,29
4294967279,149
156,75
156,74
156,73
156,72
156,71
156,70
156,69
156,68
156,67
156,66
156,65
156,64
156,38
156,37
156,36
156,35
156,34
156,33
156,32
156,31
156,30
156,29
156,28
156,27
156,26
4294967278,147
33,28
156,25
4294967279,275
4294967278,221
33,27
156,24
33,26
4294967278,282
4294967279,264
4294967278,257
4294967279,259
4294967294,1423
33,25
33,24
33,23
156,23
156,22
33,22
156,21
33,21
33,20
33,19
156,20
156,19
156,18
196,9
196,0
4294967279,207
4294967279,206
4294967278,204
156,17
156,16
4294967279,205
4294967278,374
4294967278,333
4294967278,373
4294967278,372
4294967278,247
4294967279,231
4294967279,225
4294967278,371
4294967278,370
4294967278,551
4294967278,369
4294967279,415
4294967279,414
4294967279,413
4294967279,412
4294967279,394
4294967279,381
4294967278,309
4294967278,561
4294967278,560
4294967278,368
4294967278,337
4294967279,368
4294967278,367
4294967278,366
4294967279,300
4294967278,365
4294967278,566
4294967279,411
4294967278,564
180,11
180,0
4294967278,364
4294967279,147
4294967278,335
4294967279,134
4294967279,268
33,18
4294967279,410
131,6
4294967278,363
4294967278,235
4294967279,196
4294967279,186
4294967279,298
4294967278,362
4294967278,565
4294967279,179
39,6
39,5
4294967279,322
4294967279,154
4294967279,153
4294967279,371
4294967279,370
180,10
4294967279,278
4294967278,136
4294967278,361
130,7
4294967278,243
4294967278,208
4294967279,332
4294967279,375
4294967278,338
4294967279,327
4294967279,377
4294967278,319
138,4
136,5
4294967279,177
4294967279,172
4294967278,292
4294967279,409
4294967278,360
4294967278,550
4294967279,319
4294967278,563
4294967279,408
4294967279,313
180,9
4294967279,364
4294967279,407
4294967278,227
4294967278,219
4294967279,221
4294967278,516
4294967279,301
4294967279,331
4294967278,513
4294967278,324
4294967279,406
4294967279,326
4294967278,318
33,17
4294967279,176
156,15
4294967279,175
4294967279,173
4294967278,171
156,14
4294967279,164
156,13
4294967279,163
33,16
33,15
4294967278,156
156,12
4294967279,155
156,11
156,10
33,14
156,9
4294967279,145
33,13
156,8
33,12
4294967279,355
156,1
156,7
156,2
4294967279,380
4294967278,308
33,11
4294967279,269
4294967278,265
156,4
4294967278,359
171,6
171,5
156,6
155,4
155,6
155,5
154,4
4294967279,255
4294967279,217
4294967279,174
4294967279,252
4294967278,251
4294967279,245
4294967279,243
4294967279,239
4294967279,235
4294967279,229
4294967278,358
4294967279,405
4294967278,218
4294967279,219
4294967278,542
4294967278,541
4294967279,333
4294967278,207
4294967279,362
4294967278,517
4294967279,31
154,6
154,5
4294967278,540
180,8
4294967278,568
4294967279,329
4294967294,1425
128,2
196,8
4294967279,387
4294967278,293
4294967279,404
4294967278,173
4294967279,403
4294967278,317
4294967278,357
33,10
4294967278,356
128,6
4294967278,163
4294967279,369
4294967278,334
4294967279,367
4294967279,366
4294967279,233
4294967278,231
124,2
5,2
180,7
180,6
4294967279,339
4294967278,530
4294967279,372
4294967279,392
147,6
147,5
4294967278,152
4294967278,275
4294967279,391
4294967279,285
4294967279,402
4294967278,296
4294967279,349
33,9
33,1
33,8
33,2
39,4
29,4
4294967294,974
4294967278,355
126,5
126,4
126,6
4294967278,553
4294967278,354
4294967278,552
4294967293,131
4294967293,130
4294967293,129
4294967293,128
4294967293,127
4294967293,126
4294967293,125
4294967293,124
4294967293,123
4294967293,122
4294967293,121
4294967293,120
4294967293,119
4294967293,118
4294967293,117
4294967293,116
4294967293,115
4294967293,114
4294967293,113
4294967293,112
4294967293,111
4294967293,110
4294967293,109
4294967293,108
4294967293,107
4294967293,106
4294967293,105
4294967293,104
4294967293,103
4294967293,102
4294967293,101
4294967293,100
4294967293,99
